50000 0.0015 3 16050408 17674295
50000 0.05 3 16050408 17674295
50000 0.5 3 16050408 17674295
50000 0.0015 3 17674295 18296088
50000 0.05 3 17674295 18296088
50000 0.5 3 17674295 18296088
50000 0.0015 3 18296088 19912358
50000 0.05 3 18296088 19912358
50000 0.5 3 18296088 19912358
50000 0.0015 3 19912358 22357325
50000 0.05 3 19912358 22357325
50000 0.5 3 19912358 22357325
50000 0.0015 3 22357325 23712647
50000 0.05 3 22357325 23712647
50000 0.5 3 22357325 23712647
50000 0.0015 3 23712647 24984204
50000 0.05 3 23712647 24984204
50000 0.5 3 23712647 24984204
50000 0.0015 3 24984204 26791628
50000 0.05 3 24984204 26791628
50000 0.5 3 24984204 26791628
50000 0.0015 3 26791628 27834752
50000 0.05 3 26791628 27834752
50000 0.5 3 26791628 27834752
50000 0.0015 3 27834752 29651799
50000 0.05 3 27834752 29651799
50000 0.5 3 27834752 29651799
50000 0.0015 3 29651799 31439918
50000 0.05 3 29651799 31439918
50000 0.5 3 29651799 31439918
50000 0.0015 3 31439918 32664986
50000 0.05 3 31439918 32664986
50000 0.5 3 31439918 32664986
50000 0.0015 3 32664986 34494914
50000 0.05 3 32664986 34494914
50000 0.5 3 32664986 34494914
50000 0.0015 3 34494914 35530985
50000 0.05 3 34494914 35530985
50000 0.5 3 34494914 35530985
50000 0.0015 3 35530985 37570269
50000 0.05 3 35530985 37570269
50000 0.5 3 35530985 37570269
50000 0.0015 3 37570269 39307894
50000 0.05 3 37570269 39307894
50000 0.5 3 37570269 39307894
50000 0.0015 3 39307894 40545797
50000 0.05 3 39307894 40545797
50000 0.5 3 39307894 40545797
50000 0.0015 3 40545797 42690818
50000 0.05 3 40545797 42690818
50000 0.5 3 40545797 42690818
50000 0.0015 3 42690818 43714200
50000 0.05 3 42690818 43714200
50000 0.5 3 42690818 43714200
50000 0.0015 3 43714200 44995308
50000 0.05 3 43714200 44995308
50000 0.5 3 43714200 44995308
50000 0.0015 3 44995308 46470495
50000 0.05 3 44995308 46470495
50000 0.5 3 44995308 46470495
50000 0.0015 3 46470495 47596318
50000 0.05 3 46470495 47596318
50000 0.5 3 46470495 47596318
50000 0.0015 3 47596318 48903703
50000 0.05 3 47596318 48903703
50000 0.5 3 47596318 48903703
50000 0.0015 3 48903703 49824534
50000 0.05 3 48903703 49824534
50000 0.5 3 48903703 49824534
50000 0.0015 3 49824534 51243298
50000 0.05 3 49824534 51243298
50000 0.5 3 49824534 51243298
